{
  "asset": {
    "version": "2.0",
    "generator": "GLTFExporter"
  },
  "scenes": [
    {
      "name": "AuxScene",
      "nodes": [
        63
      ]
    }
  ],
  "scene": 0,
  "nodes": [
    {
      "rotation": [
        -4.670168252118856e-8,
        -3.049993679837826e-8,
        -1.5062610714267066e-8,
        1
      ],
      "translation": [
        3.090957626590491e-9,
        -3.7911848305223624e-9,
        0.05037002760918133
      ],
      "scale": [
        0.9999999403953552,
        0.9999997615814209,
        0.9999998807907104
      ],
      "name": "l_toe",
      "extras": {
        "transformData": {
          "inheritType": 1,
          "eulerOrder": "ZYX",
          "translation": [
            3.752215109800727e-9,
            -3.6232588873641447e-9,
            0.05037002617582202
          ],
          "scale": [
            0.9999999116484825,
            0.9999997823685781,
            0.9999998830919896
          ],
          "parentMatrixWorld": {
            "elements": [
              0.9828342324903614,
              -0.000738693123045265,
              0.18449001213617966,
              0,
              0.015072168794037619,
              0.9969709360166684,
              -0.07630216872324685,
              0,
              -0.1838747504459216,
              0.07777302020802901,
              0.9798679479937333,
              0,
              -1.0521670495009966e-8,
              1.7246326332755715e-8,
              0.1078522577881813,
              1
            ]
          }
        }
      }
    },
    {
      "rotation": [
        -0.0387144461274147,
        -0.09255895018577576,
        -0.003972792066633701,
        0.9949463605880737
      ],
      "translation": [
        -1.0521670495009966e-8,
        1.7246326332755715e-8,
        0.1078522577881813
      ],
      "scale": [
        1.0000001192092896,
        1.0000001192092896,
        0.9999998807907104
      ],
      "name": "l_foot_ball",
      "extras": {
        "transformData": {
          "inheritType": 1,
          "eulerOrder": "ZYX",
          "translation": [
            -1.160511930997643e-8,
            1.756656761719988e-8,
            0.10785225461099346
          ],
          "scale": [
            1.0000000980660835,
            1.0000001463031418,
            0.9999999001509319
          ],
          "parentMatrixWorld": {
            "elements": [
              0.3775684200080978,
              0.005149823380569529,
              0.9259675102116942,
              0,
              0.36880289428085666,
              0.916412361699132,
              -0.1554781280353592,
              0,
              -0.8493684889223648,
              0.4002029968227471,
              0.3441089872217981,
              0,
              1.0958346955802705e-8,
              5.1430793890069675e-8,
              0.4605465829372406,
              1
            ]
          }
        }
      },
      "children": [
        0
      ]
    },
    {
      "rotation": [
        -0.17106092392905414,
        -0.5465196128265946,
        -0.11194697537963752,
        0.8121098245292242
      ],
      "translation": [
        1.0958346955802705e-8,
        5.1430793890069675e-8,
        0.4605465829372406
      ],
      "scale": [
        1.0000001192092896,
        1.000000318288424,
        1.0000001192092896
      ],
      "name": "l_ankle",
      "extras": {
        "transformData": {
          "inheritType": 1,
          "eulerOrder": "ZYX",
          "translation": [
            1.3887054867156579e-8,
            4.696079280996912e-8,
            0.4605465360096618
          ],
          "scale": [
            1.0000001105767506,
            1.000000301885275,
            1.0000000490115133
          ],
          "parentMatrixWorld": {
            "elements": [
              0.9896720410573784,
              0.00019343055503226046,
              -0.14334997013893092,
              0,
              0.0007812637813402198,
              0.999976502776991,
              0.006743084353389604,
              0,
              0.14334788904287327,
              -0.006785435385459417,
              0.9896485174170714,
              0,
              -3.10594607013482e-8,
              2.665568537938917e-7,
              0.3817486366628653,
              1
            ]
          }
        }
      },
      "children": [
        1
      ]
    },
    {
      "rotation": [
        0.003390917859250187,
        0.07186068300667503,
        -0.00014734016762396165,
        0.9974089091861531
      ],
      "translation": [
        -3.10594607013482e-8,
        2.665568537938917e-7,
        0.3817486366628653
      ],
      "scale": [
        1,
        0.9999995428325642,
        0.9999994236232745
      ],
      "name": "l_knee",
      "extras": {
        "transformData": {
          "inheritType": 1,
          "eulerOrder": "ZYX",
          "translation": [
            -2.990986951167951e-8,
            2.625158477542744e-7,
            0.38174871234744756
          ],
          "scale": [
            1.000000018025391,
            0.9999995708004787,
            0.9999994570720371
          ],
          "parentMatrixWorld": {
            "elements": [
              0.22646394468622433,
              -0.02293323074248188,
              -0.973749542195901,
              0,
              0.9720329980797134,
              0.06914063182751198,
              0.22443638042596883,
              0,
              0.06217862039528264,
              -0.9973434238099063,
              0.03794970658351741,
              0,
              0.09966383874416351,
              -0.020941145755315048,
              0.009751278907060623,
              1
            ]
          }
        }
      },
      "children": [
        2
      ]
    },
    {
      "rotation": [
        0.5290022729254943,
        0.44853287974225553,
        -0.4307972649019573,
        0.5773981139209906
      ],
      "translation": [
        0.09966383874416351,
        -0.020941145755315048,
        0.009751278907060623
      ],
      "scale": [
        1,
        1.0000001192092896,
        1.0000001192092896
      ],
      "name": "l_hip",
      "extras": {
        "transformData": {
          "inheritType": 1,
          "eulerOrder": "ZYX",
          "translation": [
            0.09966383874416351,
            -0.02094113826751709,
            0.009751278907060623
          ],
          "scale": [
            1.0000000159628186,
            1.0000000774917122,
            1.0000000844309112
          ],
          "parentMatrixWorld": {
            "elements": [
              100,
              0,
              0,
              0,
              0,
              99.99712549947598,
              0.7582162154752807,
              0,
              0,
              -0.7582162154752807,
              99.99712549947598,
              0,
              0,
              92.8494813216222,
              -2.260570526123047,
              1
            ]
          }
        }
      },
      "children": [
        3
      ]
    },
    {
      "rotation": [
        3.7308933287301865e-8,
        5.650767550000271e-9,
        -1.1227506190074877e-7,
        0.9999999999999931
      ],
      "translation": [
        8.730745468125388e-9,
        -6.918432970199762e-9,
        0.02960703890774228
      ],
      "scale": [
        0.9999998807907104,
        0.999999840855788,
        0.9999999803302777
      ],
      "name": "r_thumb_2",
      "extras": {
        "transformData": {
          "inheritType": 1,
          "eulerOrder": "ZYX",
          "translation": [
            8.505160409288948e-9,
            -4.157989230701986e-9,
            0.029607048212807796
          ],
          "scale": [
            0.9999998561797585,
            0.9999998059403168,
            1.0000000132624176
          ],
          "parentMatrixWorld": {
            "elements": [
              0.9700606779045378,
              2.0399632884367896e-9,
              0.24286300487864368,
              0,
              0.049640587128015286,
              0.978888174427376,
              -0.19827796391895927,
              0,
              -0.2377356857574627,
              0.20439748577858016,
              0.9495807743095914,
              0,
              -6.91644460323757e-9,
              -2.4599116938736722e-9,
              0.04110296323890716,
              1
            ]
          }
        }
      }
    },
    {
      "rotation": [
        -0.10197053467054633,
        -0.12170324360355071,
        -0.012570611894447076,
        0.9872346633256803
      ],
      "translation": [
        -6.91644460323757e-9,
        -2.4599116938736722e-9,
        0.04110296323890716
      ],
      "scale": [
        1.000000079869845,
        1.0000001990791345,
        1.0000001192092896
      ],
      "name": "r_thumb_1",
      "extras": {
        "transformData": {
          "inheritType": 1,
          "eulerOrder": "ZYX",
          "translation": [
            -2.5211991883100637e-8,
            9.789163736562134e-9,
            0.04110298544837798
          ],
          "scale": [
            1.0000000784688559,
            1.0000001627935944,
            1.0000000850601323
          ],
          "parentMatrixWorld": {
            "elements": [
              0.9314705546550772,
              -2.6668873937420837e-8,
              -0.3638161179773921,
              0,
              0.19050552593293194,
              0.8519449920219575,
              0.4877471215954009,
              0,
              0.30995131276044835,
              -0.52363107355396,
              0.7935616954619172,
              0,
              0.046422279104614106,
              -0.008248129468488213,
              0.019537951778638252,
              1
            ]
          }
        }
      },
      "children": [
        5
      ]
    },
    {
      "rotation": [
        0.2673779232380833,
        0.17812382218392225,
        -0.05036392323846552,
        0.9456449761410151
      ],
      "translation": [
        0.046422279104614106,
        -0.008248129468488213,
        0.019537951778638252
      ],
      "scale": [
        0.9999997812511432,
        0.9999999403953552,
        0.9999997419116986
      ],
      "name": "r_thumb_0",
      "extras": {
        "transformData": {
          "inheritType": 1,
          "eulerOrder": "ZYX",
          "translation": [
            0.04642228716395959,
            -0.008248145014035368,
            0.019537949190536197
          ],
          "scale": [
            0.9999997956616505,
            0.9999999578253961,
            0.9999997765243129
          ],
          "parentMatrixWorld": {
            "elements": [
              0.9827667662903479,
              -0.12276259224712252,
              0.13819995446666736,
              0,
              0.09696931732517039,
              0.9788809461333968,
              0.17996923591205424,
              0,
              -0.15737480754906616,
              -0.16346664505722844,
              0.9739159630571341,
              0,
              -1.1118705455846827e-8,
              -1.699904330200245e-8,
              0.27826481074085296,
              1
            ]
          }
        }
      },
      "children": [
        6
      ]
    },
    {
      "rotation": [
        -8.342387126487065e-18,
        1.2444338114430648e-9,
        -8.964044356770801e-9,
        1
      ],
      "translation": [
        -5.40948666549109e-9,
        1.2487053146387405e-8,
        0.022657031621967604
      ],
      "scale": [
        0.9999997615814209,
        1,
        0.9999997615814209
      ],
      "name": "r_index_3",
      "extras": {
        "transformData": {
          "inheritType": 1,
          "eulerOrder": "ZYX",
          "translation": [
            -4.798150231299925e-9,
            1.4889881112811754e-8,
            0.022657074947296074
          ],
          "scale": [
            0.9999998027238401,
            0.9999999999999997,
            0.9999997451745924
          ],
          "parentMatrixWorld": {
            "elements": [
              0.997961501625894,
              2.8475647189752062e-8,
              -0.0638206838821323,
              0,
              0.014670648925898125,
              0.9732204762815239,
              0.22940478939457842,
              0,
              0.06211160659897146,
              -0.22987345265335643,
              0.9712366253954352,
              0,
              6.973617043576355e-9,
              -1.7281275113261916e-8,
              0.024462038818586867,
              1
            ]
          }
        }
      }
    },
    {
      "rotation": [
        0.115655024485123,
        0.0317121507286264,
        -0.003694342478918442,
        0.9927762117623282
      ],
      "translation": [
        6.973617043576355e-9,
        -1.7281275113261916e-8,
        0.024462038818586867
      ],
      "scale": [
        1.0000001192092896,
        0.9999999403953552,
        1.0000001192092896
      ],
      "name": "r_index_2",
      "extras": {
        "transformData": {
          "inheritType": 1,
          "eulerOrder": "ZYX",
          "translation": [
            5.287553214716745e-9,
            -1.1507414771072533e-8,
            0.024462018201688474
          ],
          "scale": [
            1.0000000658395132,
            0.9999999162605273,
            1.0000001510404752
          ],
          "parentMatrixWorld": {
            "elements": [
              0.9815352376401397,
              5.214047774093622e-8,
              0.19128140611476904,
              0,
              -0.06898074889886695,
              0.9327113373945479,
              0.3539653264801056,
              0,
              -0.17841029606240424,
              -0.3606241326679781,
              0.9154889386929232,
              0,
              -2.0026712574598316e-9,
              3.4526771743217438e-9,
              0.03877917796378107,
              1
            ]
          }
        }
      },
      "children": [
        8
      ]
    },
    {
      "rotation": [
        0.18257537672185647,
        -0.0944550817500604,
        0.017624378330016028,
        0.9784854751262149
      ],
      "translation": [
        -2.0026712574598316e-9,
        3.4526771743217438e-9,
        0.03877917796378107
      ],
      "scale": [
        1,
        1.0000001192092896,
        1
      ],
      "name": "r_index_1",
      "extras": {
        "transformData": {
          "inheritType": 1,
          "eulerOrder": "ZYX",
          "translation": [
            3.2446778874817284e-9,
            8.422051223089255e-9,
            0.03877915226804496
          ],
          "scale": [
            0.9999999931511068,
            1.0000001495609987,
            1.0000000383682097
          ],
          "parentMatrixWorld": {
            "elements": [
              0.9998474323181012,
              3.4725095603295414e-8,
              -0.017465171421218634,
              0,
              -0.0010599977591722698,
              0.9981566961498622,
              -0.06068084510842595,
              0,
              0.017432972589016417,
              0.06069008939915623,
              0.9980042318705674,
              0,
              0.022215314805531357,
              0.008663808330869821,
              0.053177426308346085,
              1
            ]
          }
        }
      },
      "children": [
        9
      ]
    },
    {
      "rotation": [
        -0.030357886274970373,
        0.008728893233662665,
        0.00026514043271915714,
        0.9995009358798448
      ],
      "translation": [
        0.022215314805531357,
        0.008663808330869821,
        0.053177426308346085
      ],
      "scale": [
        0.9999999600650775,
        1.0000000393394446,
        0.9999998211860657
      ],
      "name": "r_index_0",
      "extras": {
        "transformData": {
          "inheritType": 1,
          "eulerOrder": "ZYX",
          "translation": [
            0.022215318264987932,
            0.008663780175443003,
            0.053177457182001286
          ],
          "scale": [
            1.000000029725022,
            1.0000000648150518,
            0.9999998645298613
          ],
          "parentMatrixWorld": {
            "elements": [
              0.9827667662903479,
              -0.12276259224712252,
              0.13819995446666736,
              0,
              0.09696931732517039,
              0.9788809461333968,
              0.17996923591205424,
              0,
              -0.15737480754906616,
              -0.16346664505722844,
              0.9739159630571341,
              0,
              -1.1118705455846827e-8,
              -1.699904330200245e-8,
              0.27826481074085296,
              1
            ]
          }
        }
      },
      "children": [
        10
      ]
    },
    {
      "rotation": [
        -4.582132936695546e-9,
        3.48446942325484e-8,
        -4.12721737274885e-8,
        0.9999999999999987
      ],
      "translation": [
        -2.6624078650419414e-9,
        9.916316827525834e-9,
        0.022777900788867878
      ],
      "scale": [
        0.9999997615814209,
        0.9999998807907104,
        0.9999998807907104
      ],
      "name": "r_middle_3",
      "extras": {
        "transformData": {
          "inheritType": 1,
          "eulerOrder": "ZYX",
          "translation": [
            1.060606064084979e-8,
            -2.1732908084270974e-8,
            0.02277788845496853
          ],
          "scale": [
            0.9999998388781153,
            0.9999998836714464,
            0.9999998795164694
          ],
          "parentMatrixWorld": {
            "elements": [
              0.9669948043606954,
              1.4284830698686248e-7,
              -0.2547970274092991,
              0,
              0.05429613546449816,
              0.977031462094168,
              0.20606292385814648,
              0,
              0.24894467251631447,
              -0.2130962114691851,
              0.9447840773645235,
              0,
              -4.056165224491714e-9,
              -7.711975749395513e-10,
              0.026383553314959965,
              1
            ]
          }
        }
      }
    },
    {
      "rotation": [
        0.1062772969425831,
        0.12772310486241611,
        -0.01376668364903869,
        0.986003257124534
      ],
      "translation": [
        -4.056165224491714e-9,
        -7.711975749395513e-10,
        0.026383553314959965
      ],
      "scale": [
        1.000000238418579,
        1.000000238418579,
        1.0000001990791345
      ],
      "name": "r_middle_2",
      "extras": {
        "transformData": {
          "inheritType": 1,
          "eulerOrder": "ZYX",
          "translation": [
            -1.165277483707039e-8,
            3.416498650654631e-8,
            0.026383613533842665
          ],
          "scale": [
            1.0000002397645538,
            1.0000001669146439,
            1.0000001851409825
          ],
          "parentMatrixWorld": {
            "elements": [
              0.9998647730250353,
              -4.764950775875548e-8,
              0.01644492820271571,
              0,
              -0.007650094862657232,
              0.8852068607063441,
              0.465134444422735,
              0,
              -0.014557185718630345,
              -0.465197360109928,
              0.8850871739052503,
              0,
              1.7161800561867646e-9,
              -3.3120000261913053e-9,
              0.031201397180746805,
              1
            ]
          }
        }
      },
      "children": [
        12
      ]
    },
    {
      "rotation": [
        0.23956760256102252,
        -0.00798328252896678,
        0.001969946076690827,
        0.9708448641856646
      ],
      "translation": [
        1.7161800561867646e-9,
        -3.3120000261913053e-9,
        0.031201397180746805
      ],
      "scale": [
        1,
        0.9999998807907104,
        0.9999999004604327
      ],
      "name": "r_middle_1",
      "extras": {
        "transformData": {
          "inheritType": 1,
          "eulerOrder": "ZYX",
          "translation": [
            2.770597350501558e-9,
            4.448238277721117e-9,
            0.031201357095873572
          ],
          "scale": [
            1.0000000295430052,
            0.9999998969836583,
            0.999999916729851
          ],
          "parentMatrixWorld": {
            "elements": [
              0.9993602102078258,
              1.1187982349300081e-7,
              0.03576103928359897,
              0,
              -0.005638541009993995,
              0.9874918988222435,
              0.15756876786096116,
              0,
              -0.035313723154976794,
              -0.15766961585666775,
              0.9868602298594867,
              0,
              -0.004644346795916926,
              0.006067416551450346,
              0.06930084295554265,
              1
            ]
          }
        }
      },
      "children": [
        13
      ]
    },
    {
      "rotation": [
        0.07906984621738773,
        -0.01782736880997413,
        0.0014143182778351155,
        0.9967086420913098
      ],
      "translation": [
        -0.004644346795916926,
        0.006067416551450346,
        0.06930084295554265
      ],
      "scale": [
        0.999999840855788,
        0.9999999803302777,
        0.9999999403953552
      ],
      "name": "r_middle_0",
      "extras": {
        "transformData": {
          "inheritType": 1,
          "eulerOrder": "ZYX",
          "translation": [
            -0.004644344523342253,
            0.0060673891449297135,
            0.06930087853715794
          ],
          "scale": [
            0.9999998651505888,
            0.999999975972529,
            1.0000000005820935
          ],
          "parentMatrixWorld": {
            "elements": [
              0.9827667662903479,
              -0.12276259224712252,
              0.13819995446666736,
              0,
              0.09696931732517039,
              0.9788809461333968,
              0.17996923591205424,
              0,
              -0.15737480754906616,
              -0.16346664505722844,
              0.9739159630571341,
              0,
              -1.1118705455846827e-8,
              -1.699904330200245e-8,
              0.27826481074085296,
              1
            ]
          }
        }
      },
      "children": [
        14
      ]
    },
    {
      "rotation": [
        -5.4650925452575496e-9,
        8.576442959095075e-8,
        4.174293260488879e-8,
        0.9999999999999956
      ],
      "translation": [
        -1.0080586941913369e-8,
        2.2034781218206068e-8,
        0.02138134898618456
      ],
      "scale": [
        1.0000001192092896,
        1,
        1.0000001192092896
      ],
      "name": "r_ring_3",
      "extras": {
        "transformData": {
          "inheritType": 1,
          "eulerOrder": "ZYX",
          "translation": [
            -3.804406067953181e-9,
            2.311380198349866e-9,
            0.02138133408027476
          ],
          "scale": [
            1.0000001239196716,
            1.0000000254110863,
            1.0000001109080947
          ],
          "parentMatrixWorld": {
            "elements": [
              0.9418369938166572,
              9.698591846439003e-8,
              -0.33607040100593716,
              0,
              0.023008501408440515,
              0.9976537333079578,
              0.06448159160003761,
              0,
              0.3352818564957528,
              -0.06846361655892014,
              0.9396270788062039,
              0,
              3.989519860630238e-9,
              -3.373743302554408e-8,
              0.028065483439672252,
              1
            ]
          }
        }
      }
    },
    {
      "rotation": [
        0.03375018654997236,
        0.17043309981007707,
        -0.005841037463710992,
        0.9847737590561902
      ],
      "translation": [
        3.989519860630238e-9,
        -3.373743302554408e-8,
        0.028065483439672252
      ],
      "scale": [
        1.0000001192092896,
        1.0000001192092896,
        1.0000001192092896
      ],
      "name": "r_ring_2",
      "extras": {
        "transformData": {
          "inheritType": 1,
          "eulerOrder": "ZYX",
          "translation": [
            -4.8410617597971495e-9,
            1.0003957828796928e-8,
            0.0280654957999259
          ],
          "scale": [
            1.0000000590410187,
            1.000000072056393,
            1.0000001769938947
          ],
          "parentMatrixWorld": {
            "elements": [
              0.9993343252848619,
              -1.045558867989749e-7,
              -0.03647287874199064,
              0,
              0.020062580595508445,
              0.8351211123567123,
              0.5496998933424952,
              0,
              0.030459233989888975,
              -0.55006608357329,
              0.8345657590483878,
              0,
              -3.873810729314617e-9,
              5.85279563166925e-9,
              0.032050509191871794,
              1
            ]
          }
        }
      },
      "children": [
        16
      ]
    },
    {
      "rotation": [
        0.2870748468531584,
        0.017471470115855224,
        -0.005237017164031841,
        0.9577344753071704
      ],
      "translation": [
        -3.873810729314617e-9,
        5.85279563166925e-9,
        0.032050509191871794
      ],
      "scale": [
        0.9999996823070538,
        0.9999998807907104,
        1.000000238418579
      ],
      "name": "r_ring_1",
      "extras": {
        "transformData": {
          "inheritType": 1,
          "eulerOrder": "ZYX",
          "translation": [
            5.678382902774004e-9,
            -2.2073286642942946e-8,
            0.032050492446025425
          ],
          "scale": [
            0.9999997152452469,
            0.999999877597268,
            1.000000178899229
          ],
          "parentMatrixWorld": {
            "elements": [
              0.9852476274317883,
              4.622211300501465e-9,
              0.171134545811735,
              0,
              -0.044140432431632265,
              0.9661640859098268,
              0.2541231617204091,
              0,
              -0.16534397535571732,
              -0.25792807725383293,
              0.951910438940657,
              0,
              -0.024344536773872303,
              -0.0014733893471445833,
              0.058397538811110566,
              1
            ]
          }
        }
      },
      "children": [
        17
      ]
    },
    {
      "rotation": [
        0.1295884536685043,
        -0.08515501682413555,
        0.011170931961679727,
        0.9878414174676999
      ],
      "translation": [
        -0.024344536773872303,
        -0.0014733893471445833,
        0.058397538811110566
      ],
      "scale": [
        0.9999999600650775,
        1,
        0.9999995034931195
      ],
      "name": "r_ring_0",
      "extras": {
        "transformData": {
          "inheritType": 1,
          "eulerOrder": "ZYX",
          "translation": [
            -0.024344539532248112,
            -0.0014733938639757693,
            0.05839754931416108
          ],
          "scale": [
            1.0000000089566785,
            1.0000000436423369,
            0.9999995262589373
          ],
          "parentMatrixWorld": {
            "elements": [
              0.9827667662903479,
              -0.12276259224712252,
              0.13819995446666736,
              0,
              0.09696931732517039,
              0.9788809461333968,
              0.17996923591205424,
              0,
              -0.15737480754906616,
              -0.16346664505722844,
              0.9739159630571341,
              0,
              -1.1118705455846827e-8,
              -1.699904330200245e-8,
              0.27826481074085296,
              1
            ]
          }
        }
      },
      "children": [
        18
      ]
    },
    {
      "rotation": [
        -4.6187975277561404e-9,
        6.337887476606895e-8,
        -5.4582523574058425e-8,
        0.9999999999999964
      ],
      "translation": [
        -2.002476987325411e-9,
        1.4480674408818187e-8,
        0.014860834851932084
      ],
      "scale": [
        1.000000238418579,
        1,
        1.0000001192092896
      ],
      "name": "r_pinkie_3",
      "extras": {
        "transformData": {
          "inheritType": 1,
          "eulerOrder": "ZYX",
          "translation": [
            2.060473611176228e-9,
            -1.3269984056041295e-8,
            0.01486081881949397
          ],
          "scale": [
            1.0000002731895654,
            0.9999999884411853,
            1.0000001350094818
          ],
          "parentMatrixWorld": {
            "elements": [
              0.981492615883911,
              1.53470358978841e-7,
              -0.19149895038370354,
              0,
              0.02089817885895822,
              0.9940276611469692,
              0.10711056508754771,
              0,
              0.19035526634272906,
              -0.10913020582146131,
              0.9756307864215386,
              0,
              3.583340508790993e-9,
              -3.0842032106513926e-8,
              0.023642689622926788,
              1
            ]
          }
        }
      }
    },
    {
      "rotation": [
        0.05439334018385246,
        0.09605187003739629,
        -0.005256701933972018,
        0.9938751279163497
      ],
      "translation": [
        3.583340508790993e-9,
        -3.0842032106513926e-8,
        0.023642689622926788
      ],
      "scale": [
        0.9999998015163434,
        1.0000001990791345,
        0.9999999803302777
      ],
      "name": "r_pinkie_2",
      "extras": {
        "transformData": {
          "inheritType": 1,
          "eulerOrder": "ZYX",
          "translation": [
            -2.789295044935969e-10,
            2.2008494471315032e-9,
            0.023642719514956112
          ],
          "scale": [
            0.9999997976123954,
            1.000000190318677,
            0.9999999854149783
          ],
          "parentMatrixWorld": {
            "elements": [
              0.984596783274127,
              -6.499884607980835e-8,
              -0.17484065043669966,
              0,
              0.08715928990530869,
              0.8668853114955513,
              0.4908280763788892,
              0,
              0.15156676288417933,
              -0.49850674218427876,
              0.8535325121283921,
              0,
              9.076124780628222e-9,
              1.7539196395343028e-9,
              0.03361739836635575,
              1
            ]
          }
        }
      },
      "children": [
        20
      ]
    },
    {
      "rotation": [
        0.25699133510289585,
        0.08478813567583422,
        -0.022640666472022057,
        0.9624208154192999
      ],
      "translation": [
        9.076124780628222e-9,
        1.7539196395343028e-9,
        0.03361739836635575
      ],
      "scale": [
        1.0000000393394446,
        0.9999995428325642,
        0.9999996024372089
      ],
      "name": "r_pinkie_1",
      "extras": {
        "transformData": {
          "inheritType": 1,
          "eulerOrder": "ZYX",
          "translation": [
            5.943810221786805e-9,
            -2.235387022708757e-8,
            0.03361734764254387
          ],
          "scale": [
            1.0000000745980777,
            0.9999995565186938,
            0.9999996152318691
          ],
          "parentMatrixWorld": {
            "elements": [
              0.969164264243095,
              1.50203356403831e-7,
              0.24641531954168738,
              0,
              -0.10323877776086272,
              0.9080041911384027,
              0.40604292740719344,
              0,
              -0.2237461219244604,
              -0.4189619863189556,
              0.8800053866982767,
              0,
              -0.039648680649685936,
              -0.005009626308494566,
              0.037441426292038116,
              1
            ]
          }
        }
      },
      "children": [
        21
      ]
    },
    {
      "rotation": [
        0.2128118232850714,
        -0.12127919990863664,
        0.026630709052256115,
        0.9691714445210292
      ],
      "translation": [
        -0.039648680649685936,
        -0.005009626308494566,
        0.037441426292038116
      ],
      "scale": [
        0.9999999403953552,
        1.0000003576278687,
        1.0000004768371582
      ],
      "name": "r_pinkie_0",
      "extras": {
        "transformData": {
          "inheritType": 1,
          "eulerOrder": "ZYX",
          "translation": [
            -0.039648688133161185,
            -0.0050096327104088845,
            0.03744147747208204
          ],
          "scale": [
            0.9999999222322921,
            1.0000003571258154,
            1.0000004897420764
          ],
          "parentMatrixWorld": {
            "elements": [
              0.9827667662903479,
              -0.12276259224712252,
              0.13819995446666736,
              0,
              0.09696931732517039,
              0.9788809461333968,
              0.17996923591205424,
              0,
              -0.15737480754906616,
              -0.16346664505722844,
              0.9739159630571341,
              0,
              -1.1118705455846827e-8,
              -1.699904330200245e-8,
              0.27826481074085296,
              1
            ]
          }
        }
      },
      "children": [
        22
      ]
    },
    {
      "rotation": [
        0.08655899044184945,
        -0.07449614583938656,
        -0.05538085349705333,
        0.9919127145825795
      ],
      "translation": [
        -1.1118705455846827e-8,
        -1.699904330200245e-8,
        0.27826481074085296
      ],
      "scale": [
        1.0000001990791345,
        0.9999999403953552,
        1.000000238418579
      ],
      "name": "r_wrist",
      "extras": {
        "transformData": {
          "inheritType": 1,
          "eulerOrder": "ZYX",
          "translation": [
            -1.8431929316164997e-9,
            1.2537718419025623e-8,
            0.27826479134390514
          ],
          "scale": [
            1.0000001500021192,
            0.9999999559435365,
            1.0000002539787036
          ],
          "parentMatrixWorld": {
            "elements": [
              0.8178654710203783,
              -0.0424655564852109,
              -0.5738400432527425,
              0,
              -0.05589184375508092,
              0.9866943822174261,
              -0.1526776277335622,
              0,
              0.5726882416688585,
              0.156942725364435,
              0.8046097231526271,
              0,
              2.4368477136147444e-9,
              -2.8872316977109782e-8,
              0.2631160813571918,
              1
            ]
          }
        }
      },
      "children": [
        7,
        11,
        15,
        19,
        23
      ]
    },
    {
      "rotation": [
        -0.08148841455654755,
        0.3017527212454243,
        0.0035336366405893374,
        0.9498907625462356
      ],
      "translation": [
        2.4368477136147444e-9,
        -2.8872316977109782e-8,
        0.2631160813571918
      ],
      "scale": [
        0.9999998211860657,
        1.000000079869845,
        0.9999998211860657
      ],
      "name": "r_elbow",
      "extras": {
        "transformData": {
          "inheritType": 1,
          "eulerOrder": "ZYX",
          "translation": [
            3.449020458123897e-9,
            -3.037716250764433e-8,
            0.263116065328484
          ],
          "scale": [
            0.9999997992637775,
            1.0000000190816125,
            0.9999997637481526
          ],
          "parentMatrixWorld": {
            "elements": [
              0.9364881526565414,
              -0.27725177148777314,
              -0.2147594772672098,
              0,
              0.2805728508044778,
              0.2249200055910268,
              0.933107508360807,
              0,
              -0.21040200847169113,
              -0.9340998055126897,
              0.2884242409316683,
              0,
              1.3712632071115596e-10,
              1.7054243924285796e-8,
              0.12185004852709785,
              1
            ]
          }
        }
      },
      "children": [
        24
      ]
    },
    {
      "rotation": [
        0.5964779475561555,
        0.0013919818109742275,
        -0.17819663823261145,
        0.7825970066281472
      ],
      "translation": [
        1.3712632071115596e-10,
        1.7054243924285796e-8,
        0.12185004852709785
      ],
      "scale": [
        1.0000001192092896,
        0.9999998807907104,
        1
      ],
      "name": "r_shoulder",
      "extras": {
        "transformData": {
          "inheritType": 1,
          "eulerOrder": "ZYX",
          "translation": [
            -9.916305970802952e-11,
            -2.2315815861873034e-10,
            0.12185005064315983
          ],
          "scale": [
            1.0000001348859233,
            0.9999998916113774,
            1.0000000728658665
          ],
          "parentMatrixWorld": {
            "elements": [
              -0.09702125974289033,
              -5.368040234543514e-9,
              0.9952822955791334,
              0,
              -0.11584449772745486,
              0.9932031656311755,
              -0.011292650599462828,
              0,
              -0.9885175265211756,
              -0.11639360640210361,
              -0.09636182283936456,
              0,
              -0.05609460547566414,
              0.09275109559307039,
              -0.013880385700619183,
              1
            ]
          }
        }
      },
      "children": [
        25
      ]
    },
    {
      "rotation": [
        0.0391707718372345,
        -0.7393555045127869,
        0.043174851685762405,
        0.6707868576049805
      ],
      "translation": [
        -0.05609460547566414,
        0.09275109559307039,
        -0.013880385700619183
      ],
      "name": "r_clavicle",
      "extras": {
        "transformData": {
          "inheritType": 1,
          "eulerOrder": "ZYX",
          "translation": [
            -0.05609460547566414,
            0.092751145362854,
            -0.013880386948585507
          ],
          "scale": [
            0.9999999838561768,
            0.9999999981036508,
            0.9999999839952008
          ],
          "parentMatrixWorld": {
            "elements": [
              0.9999546691123504,
              0.009511319490858355,
              -0.0002744289022827571,
              0,
              -0.009515146556830664,
              0.9996773261532044,
              -0.023557248767164054,
              0,
              0.00005027982533092979,
              0.023558790723202962,
              0.9997224519049003,
              0,
              -1.1451100623713865e-10,
              0.11128880796787527,
              -0.0008380279102260576,
              1
            ]
          }
        }
      },
      "children": [
        26
      ]
    },
    {
      "rotation": [
        1.3686139332946823e-8,
        1.6544384751071561e-9,
        -8.550371966009607e-9,
        1
      ],
      "translation": [
        -5.632584864283585e-10,
        -4.135461121529756e-9,
        0.022657012529706734
      ],
      "scale": [
        0.9999997615814209,
        1,
        0.9999997615814209
      ],
      "name": "l_index_3",
      "extras": {
        "transformData": {
          "inheritType": 1,
          "eulerOrder": "ZYX",
          "translation": [
